              precision    recall  f1-score   support

           0       1.00      0.99      0.99       146
           1       0.99      0.99      0.99       803
           2       1.00      1.00      1.00       576
           3       1.00      1.00      1.00       485
           4       1.00      1.00      1.00       824
           5       1.00      1.00      1.00       202
           6       1.00      1.00      1.00       308
           7       1.00      1.00      1.00       288
           8       1.00      1.00      1.00       229
           9       1.00      1.00      1.00       233
          10       1.00      1.00      1.00       231
          11       1.00      1.00      1.00       347
          12       1.00      1.00      1.00       272
          13       1.00      1.00      1.00       197
          14       1.00      1.00      1.00       327
          15       1.00      1.00      1.00       263
          16       1.00      0.99      1.00       389
          17       0.99      1.00      0.99       300
          18       1.00      1.00      1.00       244
          19       1.00      1.00      1.00       238
          20       1.00      1.00      1.00       828
          21       1.00      1.00      1.00       325
          22       0.99      1.00      0.99       265
          23       1.00      0.99      0.99       857
          24       0.99      0.98      0.99       169
          25       1.00      1.00      1.00       326
          26       1.00      1.00      1.00       187
          27       1.00      1.00      1.00       244
          28       0.99      0.99      0.99       244
          29       1.00      1.00      1.00       331
          30       1.00      1.00      1.00       229
          31       0.99      0.99      0.99       212
          32       1.00      1.00      1.00       349
          33       1.00      1.00      1.00       183
          34       0.95      1.00      0.97       558
          35       0.99      1.00      1.00       177
          36       1.00      1.00      1.00       210
          37       0.97      1.00      0.98       205
          38       0.98      1.00      0.99       207
          39       1.00      0.99      1.00       562
          40       1.00      1.00      1.00       170
          41       1.00      1.00      1.00       241
          42       1.00      1.00      1.00       208
          43       1.00      1.00      1.00       228
          44       1.00      1.00      1.00       254
          45       0.99      1.00      0.99       759
          46       1.00      1.00      1.00       232
          47       1.00      1.00      1.00       249
          48       1.00      1.00      1.00       272
          49       1.00      1.00      1.00       156
          50       0.99      1.00      1.00       268
          51       1.00      1.00      1.00       188
          52       0.97      1.00      0.99       300
          53       1.00      0.97      0.98       217
          54       0.99      1.00      0.99       306
          55       0.97      0.99      0.98       157
          56       0.99      0.95      0.97       729
          57       1.00      0.99      0.99       782
          58       1.00      0.98      0.99       487
          59       1.00      1.00      1.00       796
          60       1.00      1.00      1.00       494
          61       1.00      1.00      1.00       420
          62       1.00      1.00      1.00       201
          63       1.00      1.00      1.00       223
          64       1.00      1.00      1.00       243
          65       1.00      1.00      1.00       233
          66       1.00      1.00      1.00       255
          67       0.99      1.00      1.00       241
          68       0.98      0.99      0.99       554
          69       1.00      0.99      0.99       553

    accuracy                           0.99     23986
   macro avg       1.00      1.00      1.00     23986
weighted avg       1.00      0.99      0.99     23986
