              precision    recall  f1-score   support

           0       1.00      0.99      1.00       156
           1       0.99      1.00      1.00       820
           2       1.00      1.00      1.00       786
           3       1.00      1.00      1.00       500
           4       1.00      1.00      1.00       794
           5       1.00      1.00      1.00       812
           6       1.00      1.00      1.00       264
           7       0.99      1.00      0.99       234
           8       1.00      0.97      0.99       146
           9       1.00      1.00      1.00       405
          10       1.00      0.99      1.00       488
          11       0.99      0.98      0.99       163
          12       1.00      0.99      0.99       837
          13       0.99      1.00      1.00       274
          14       1.00      0.96      0.98       219
          15       1.00      1.00      1.00       291
          16       1.00      0.99      1.00       190
          17       1.00      1.00      1.00       220
          18       1.00      1.00      1.00       582
          19       0.99      1.00      0.99       215
          20       0.99      1.00      0.99       167
          21       1.00      1.00      1.00       227
          22       0.99      1.00      1.00       171
          23       1.00      0.98      0.99       580
          24       1.00      1.00      1.00       152
          25       0.98      1.00      0.99       305
          26       1.00      1.00      1.00       194
          27       1.00      1.00      1.00       283
          28       1.00      1.00      1.00       312
          29       1.00      1.00      1.00       446
          30       1.00      1.00      1.00       297
          31       1.00      1.00      1.00       233
          32       1.00      1.00      1.00       817
          33       0.99      1.00      1.00       192
          34       0.99      1.00      1.00       745
          35       0.99      1.00      0.99       260
          36       1.00      1.00      1.00       181
          37       1.00      1.00      1.00       164
          38       0.99      0.98      0.98       688
          39       1.00      1.00      1.00       233
          40       0.98      0.99      0.98       556
          41       0.99      0.99      0.99       538
          42       0.99      1.00      0.99       555

    accuracy                           1.00     16692
   macro avg       1.00      1.00      1.00     16692
weighted avg       1.00      1.00      1.00     16692
